Stability vectors with p = 0.4 and r = 0.5

Prac_V1 =

   0.20422
   0.27146
   0.17501
   0.11657
   0.07862
   0.05218
   0.03382
   0.02280
   0.01482
   0.00965
   0.00731
   0.00510
   0.00365
   0.00219
   0.00085
   0.00060
   0.00042
   0.00038
   0.00023
   0.00012
   0.00000
   0.00000
   0.00000
   0.00000
   0.00000
   0.00000
   0.00000
   0.00000
   0.00000
   0.00000
   0.00000
   0.00000
   0.00000
   0.00000
   0.00000
   0.00000
   0.00000
   0.00000
   0.00000
   0.00000
   0.00000
   0.00000
   0.00000
   0.00000
   0.00000
   0.00000
   0.00000
   0.00000
   0.00000
   0.00000
   0.00000

Theo_V1 =

   2.0000e-01
   2.6667e-01
   1.7778e-01
   1.1852e-01
   7.9012e-02
   5.2675e-02
   3.5117e-02
   2.3411e-02
   1.5607e-02
   1.0405e-02
   6.9366e-03
   4.6244e-03
   3.0829e-03
   2.0553e-03
   1.3702e-03
   9.1346e-04
   6.0898e-04
   4.0598e-04
   2.7066e-04
   1.8044e-04
   1.2029e-04
   8.0194e-05
   5.3463e-05
   3.5642e-05
   2.3761e-05
   1.5841e-05
   1.0561e-05
   7.0404e-06
   4.6936e-06
   3.1291e-06
   2.0860e-06
   1.3907e-06
   9.2713e-07
   6.1809e-07
   4.1206e-07
   2.7470e-07
   1.8314e-07
   1.2209e-07
   8.1394e-08
   5.4263e-08
   3.6175e-08
   2.4117e-08
   1.6078e-08
   1.0719e-08
   7.1457e-09
   4.7638e-09
   3.1759e-09
   2.1172e-09
   1.4115e-09
   9.4100e-10
   3.7640e-10

Error =

   4.2200e-03
   4.7933e-03
  -2.7678e-03
  -1.9485e-03
  -3.9235e-04
  -4.9490e-04
  -1.2966e-03
  -6.1107e-04
  -7.8738e-04
  -7.5492e-04
   3.7339e-04
   4.7559e-04
   5.6706e-04
   1.3471e-04
  -5.2019e-04
  -3.1346e-04
  -1.8898e-04
  -2.5984e-05
  -4.0656e-05
  -6.0437e-05
  -1.2029e-04
  -8.0194e-05
  -5.3463e-05
  -3.5642e-05
  -2.3761e-05
  -1.5841e-05
  -1.0561e-05
  -7.0404e-06
  -4.6936e-06
  -3.1291e-06
  -2.0860e-06
  -1.3907e-06
  -9.2713e-07
  -6.1809e-07
  -4.1206e-07
  -2.7470e-07
  -1.8314e-07
  -1.2209e-07
  -8.1394e-08
  -5.4263e-08
  -3.6175e-08
  -2.4117e-08
  -1.6078e-08
  -1.0719e-08
  -7.1457e-09
  -4.7638e-09
  -3.1759e-09
  -2.1172e-09
  -1.4115e-09
  -9.4100e-10
  -3.7640e-10


Stability vectors with p = 0.5 and r = 0.4

Prac_V2 =

   9.0000e-05
   9.0000e-05
   1.5000e-04
   2.0000e-04
   1.6000e-04
   9.0000e-05
   1.1000e-04
   1.5000e-04
   1.6000e-04
   1.1000e-04
   4.0000e-05
   2.0000e-05
   5.0000e-05
   8.0000e-05
   5.0000e-05
   8.0000e-05
   7.0000e-05
   5.0000e-05
   3.0000e-05
   2.0000e-05
   3.0000e-05
   7.0000e-05
   5.0000e-05
   4.0000e-05
   3.0000e-05
   3.0000e-05
   5.0000e-05
   1.7000e-04
   1.6000e-04
   3.0000e-05
   4.0000e-05
   3.0000e-05
   8.0000e-05
   5.0000e-04
   8.1000e-04
   1.4300e-03
   2.0600e-03
   2.7900e-03
   3.4200e-03
   5.4000e-03
   7.3700e-03
   1.1800e-02
   1.7430e-02
   2.7220e-02
   3.9580e-02
   5.5420e-02
   7.8630e-02
   1.1849e-01
   1.7569e-01
   2.5644e-01
   1.9291e-01

Theo_V2 =

   3.7640e-10
   9.4100e-10
   1.4115e-09
   2.1172e-09
   3.1759e-09
   4.7638e-09
   7.1457e-09
   1.0719e-08
   1.6078e-08
   2.4117e-08
   3.6175e-08
   5.4263e-08
   8.1394e-08
   1.2209e-07
   1.8314e-07
   2.7470e-07
   4.1206e-07
   6.1809e-07
   9.2713e-07
   1.3907e-06
   2.0860e-06
   3.1291e-06
   4.6936e-06
   7.0404e-06
   1.0561e-05
   1.5841e-05
   2.3761e-05
   3.5642e-05
   5.3463e-05
   8.0194e-05
   1.2029e-04
   1.8044e-04
   2.7066e-04
   4.0598e-04
   6.0898e-04
   9.1346e-04
   1.3702e-03
   2.0553e-03
   3.0829e-03
   4.6244e-03
   6.9366e-03
   1.0405e-02
   1.5607e-02
   2.3411e-02
   3.5117e-02
   5.2675e-02
   7.9012e-02
   1.1852e-01
   1.7778e-01
   2.6667e-01
   2.0000e-01

Error =

   9.0000e-05
   8.9999e-05
   1.5000e-04
   2.0000e-04
   1.6000e-04
   8.9995e-05
   1.0999e-04
   1.4999e-04
   1.5998e-04
   1.0998e-04
   3.9964e-05
   1.9946e-05
   4.9919e-05
   7.9878e-05
   4.9817e-05
   7.9725e-05
   6.9588e-05
   4.9382e-05
   2.9073e-05
   1.8609e-05
   2.7914e-05
   6.6871e-05
   4.5306e-05
   3.2960e-05
   1.9439e-05
   1.4159e-05
   2.6239e-05
   1.3436e-04
   1.0654e-04
  -5.0194e-05
  -8.0291e-05
  -1.5044e-04
  -1.9066e-04
   9.4016e-05
   2.0102e-04
   5.1654e-04
   6.8981e-04
   7.3471e-04
   3.3706e-04
   7.7559e-04
   4.3339e-04
   1.3951e-03
   1.8226e-03
   3.8089e-03
   4.4634e-03
   2.7451e-03
  -3.8235e-04
  -2.8519e-05
  -2.0878e-03
  -1.0227e-02
  -7.0900e-03